8588753
8587897
8587898
8587899
8587900
8587901
8587902
8587903
8587904
8587905
8587906
8587907
8587908
8587909
8587910
8587911
8587912
8587913
8587914
8587915
8587916
8587917
8587918
8587919
8587920
8587921
8587922
8587923
8587924
8587925
8587926
8587927
8587928
8587929
8587930
8587931
8587932
8587933
8587934
8587935
8587936
8587937
8587938
8587939
8587940
8587941
8587942
8587943
8587944
8587945
8587946
8587947
8587948
8587949
8587950
8587951
8587952
8587953
8587954
8587955
8587956
8587957
8587958
8587959
8587960
8587961
8587963
8587964
8587965
8587966
8587967
8587968
8587969
8587970
8587971
8587972
8587973
8587974
8587975
8587976
8587977
8587978
8587979
8587980
8587981
8587982
8587983
8587984
8587985
8587986
8587987
8587988
8587888
8587889
8587890
8587891
8587892
8587893
8587894
8587895
8587896
